0 33 33 21 23 32 36 8 3 7 26 1 19 3 18 19 18 45
38 0 17 48 43 21 23 7 49 5 26 38 25 41 4 27 4 31
8 44 0 36 2 11 27 24 47 39 6 31 9 33 26 30 16 47
48 20 1 0 5 42 3 6 19 16 20 48 38 38 21 16 46 35
10 14 19 22 0 34 21 12 25 24 40 19 42 14 35 49 25 49
40 6 28 45 47 0 35 37 30 44 5 48 2 16 44 26 24 25
19 44 47 42 3 12 0 7 34 22 6 30 48 21 4 7 4 14
42 22 13 29 29 18 45 0 6 26 21 14 49 27 1 35 50 34
40 24 18 34 41 8 1 46 0 15 36 27 14 19 37 16 50 34
5 20 22 29 49 41 41 17 31 0 23 35 39 24 45 9 13 17
42 17 28 19 24 25 13 5 32 2 0 31 20 2 30 7 43 11
33 40 26 9 46 49 10 8 47 24 19 0 9 25 17 16 7 4
35 50 12 10 6 39 6 34 49 22 7 40 0 42 39 3 41 9
28 16 7 10 16 14 42 34 45 29 43 46 48 0 31 5 8 33
50 17 48 31 44 18 34 43 9 17 29 2 3 48 0 8 17 47
12 24 6 5 34 8 10 49 6 16 41 37 18 29 24 0 18 49
39 4 50 28 34 10 19 4 31 33 39 45 3 14 46 37 0 27
25 3 7 7 18 34 43 37 16 42 26 16 4 20 43 45 42 0
