0 45 1 38 23 23 38 43 6 45 37 36 45 40 27 18 2 27 11 13 49 31 38 23 7
45 0 40 44 40 37 16 5 34 29 22 10 8 40 45 37 32 2 11 32 43 21 42 29 3
1 40 0 12 27 22 18 5 4 7 47 41 43 46 8 41 28 31 44 36 42 2 8 7 32
38 44 12 0 18 8 27 35 27 25 6 24 27 12 1 2 8 31 50 6 24 45 34 21 48
23 40 27 18 0 46 48 39 25 36 14 46 43 16 41 21 10 25 1 30 8 2 45 28 20
23 37 22 8 46 0 42 4 36 1 45 36 39 36 43 47 32 44 1 42 4 23 49 40 46
38 16 18 27 48 42 0 22 31 29 16 1 3 18 28 1 4 48 46 15 25 4 5 2 3
43 5 5 35 39 4 22 0 36 35 11 22 46 29 33 18 31 18 41 16 4 38 43 3 49
6 34 4 27 25 36 31 36 0 23 42 16 10 36 36 48 43 34 14 7 17 15 14 8 43
45 29 7 25 36 1 29 35 23 0 42 12 9 31 41 37 9 36 34 21 39 45 20 12 47
37 22 47 6 14 45 16 11 42 42 0 44 42 14 20 15 44 28 3 27 29 34 24 49 45
36 10 41 24 46 36 1 22 16 12 44 0 2 18 6 39 38 21 50 15 36 32 12 2 19
45 8 43 27 43 39 3 46 10 9 42 2 0 50 40 41 12 28 21 32 30 32 41 33 14
40 40 46 12 16 36 18 29 36 31 14 18 50 0 9 35 31 37 37 3 36 46 15 46 40
27 45 8 1 41 43 28 33 36 41 20 6 40 9 0 30 15 8 1 21 21 18 49 13 34
18 37 41 2 21 47 1 18 48 37 15 39 41 35 30 0 33 41 24 26 39 43 48 26 38
2 32 28 8 10 32 4 31 43 9 44 38 12 31 15 33 0 36 16 1 41 35 10 23 27
27 2 31 31 25 44 48 18 34 36 28 21 28 37 8 41 36 0 30 39 38 2 25 8 22
11 11 44 50 1 1 46 41 14 34 3 50 21 37 1 24 16 30 0 2 12 12 43 23 5
13 32 36 6 30 42 15 16 7 21 27 15 32 3 21 26 1 39 2 0 7 35 38 5 19
49 43 42 24 8 4 25 4 17 39 29 36 30 36 21 39 41 38 12 7 0 33 30 22 42
31 21 2 45 2 23 4 38 15 45 34 32 32 46 18 43 35 2 12 35 33 0 9 38 33
38 42 8 34 45 49 5 43 14 20 24 12 41 15 49 48 10 25 43 38 30 9 0 37 14
23 29 7 21 28 40 2 3 8 12 49 2 33 46 13 26 23 8 23 5 22 38 37 0 42
7 3 32 48 20 46 3 49 43 47 45 19 14 40 34 38 27 22 5 19 42 33 14 42 0
