0 48 27 40 24 21 32 1 33 29 11 10 29 3 2 15 9 3 5 1
48 0 43 36 13 38 4 18 8 15 19 50 5 4 2 8 15 19 43 3
27 43 0 4 38 7 21 28 40 45 16 35 28 40 49 20 31 10 12 18
40 36 4 0 6 48 38 50 41 35 6 30 32 44 46 43 18 29 18 29
24 13 38 6 0 23 36 25 42 12 44 20 17 8 18 18 10 6 38 28
21 38 7 48 23 0 3 11 45 41 29 46 13 32 18 4 32 2 48 43
32 4 21 38 36 3 0 20 34 5 35 47 17 24 30 45 3 13 14 33
1 18 28 50 25 11 20 0 23 42 30 24 39 10 31 24 20 49 42 41
33 8 40 41 42 45 34 23 0 40 18 36 35 21 12 43 18 5 14 1
29 15 45 35 12 41 5 42 40 0 12 18 36 10 36 21 13 14 7 1
11 19 16 6 44 29 35 30 18 12 0 19 24 16 44 5 15 9 23 17
10 50 35 30 20 46 47 24 36 18 19 0 26 35 14 19 2 9 3 25
29 5 28 32 17 13 17 39 35 36 24 26 0 42 31 12 6 34 23 21
3 4 40 44 8 32 24 10 21 10 16 35 42 0 3 10 44 25 8 35
2 2 49 46 18 18 30 31 12 36 44 14 31 3 0 30 34 36 10 49
15 8 20 43 18 4 45 24 43 21 5 19 12 10 30 0 7 24 8 30
9 15 31 18 10 32 3 20 18 13 15 2 6 44 34 7 0 39 14 37
3 19 10 29 6 2 13 49 5 14 9 9 34 25 36 24 39 0 2 3
5 43 12 18 38 48 14 42 14 7 23 3 23 8 10 8 14 2 0 35
1 3 18 29 28 43 33 41 1 1 17 25 21 35 49 30 37 3 35 0
