0 25 41 42 4 16 4 5 19 26 32 23 36 18 34 13 10 47 34 24
19 0 48 10 11 34 42 16 5 17 7 19 29 32 50 33 48 30 25 22
47 22 0 31 49 19 45 42 1 19 20 31 43 30 10 19 33 36 3 30
42 37 26 0 17 23 32 26 13 48 39 21 43 48 25 32 32 48 33 39
19 18 32 26 0 35 45 29 3 27 17 22 50 6 39 39 18 22 47 21
26 31 3 19 32 0 23 29 9 18 5 36 41 31 24 33 32 44 7 10
2 32 33 10 34 48 0 45 49 12 18 21 1 26 44 48 38 46 17 30
34 44 20 18 24 25 25 0 35 26 6 9 47 14 4 24 27 3 44 1
42 22 32 3 21 39 27 27 0 18 22 38 12 13 50 19 23 7 8 7
9 8 50 31 12 49 1 35 22 0 41 45 14 22 17 27 22 27 3 4
50 36 15 21 4 33 26 16 12 30 0 50 5 40 33 10 28 14 43 45
37 16 36 30 9 46 36 20 28 4 50 0 18 31 31 21 14 41 3 23
36 7 6 8 37 50 3 36 18 44 46 50 0 18 32 50 3 44 18 50
39 18 45 43 22 49 22 25 47 13 28 5 20 0 37 23 26 19 47 14
37 9 44 15 2 45 39 18 35 41 14 25 7 10 0 29 28 17 26 33
10 10 25 20 49 2 47 48 14 35 6 47 10 45 39 0 19 26 34 4
20 42 5 40 14 27 41 2 23 19 19 50 38 48 25 38 0 30 42 1
32 45 42 18 26 26 23 34 30 48 28 35 7 48 4 44 5 0 46 8
8 47 50 47 32 19 38 22 43 45 6 32 20 12 24 42 7 1 0 23
19 29 11 48 26 46 41 31 47 27 27 8 47 41 46 1 6 27 30 0
