0 9 35 29 8 41 32 22 11 47 21 27 17 39 36 13 6 50
39 0 19 34 9 31 24 23 25 29 12 35 32 47 24 28 1 35
48 6 0 22 29 33 13 33 22 3 43 49 16 27 35 30 12 1
47 43 6 0 22 20 8 35 50 14 33 41 48 15 42 18 9 5
23 31 19 36 0 50 46 15 20 5 48 36 39 13 28 10 15 3
9 5 23 28 36 0 9 9 44 3 14 19 21 11 20 41 21 3
9 22 2 10 21 26 0 10 26 2 38 25 50 6 48 48 19 3
33 7 50 47 19 20 25 0 22 42 38 28 30 26 14 17 11 18
20 8 37 32 31 1 15 47 0 25 48 15 33 49 45 10 5 2
48 49 18 43 15 49 25 12 30 0 26 35 50 5 26 4 50 18
14 12 40 8 6 8 6 17 35 11 0 36 28 4 28 14 7 43
42 1 39 44 48 45 8 31 15 27 21 0 29 18 29 12 37 35
46 38 3 5 7 47 6 17 21 5 27 34 0 9 13 12 30 38
35 4 9 30 21 22 43 20 1 29 35 11 28 0 41 40 50 38
9 14 36 16 33 33 47 26 5 19 6 15 35 39 0 38 47 27
29 5 15 25 41 32 49 31 28 31 47 46 37 43 35 0 29 15
17 40 9 48 46 46 35 37 14 31 36 33 37 47 48 35 0 37
1 37 40 32 10 33 4 16 43 40 34 32 27 34 24 30 38 0
