0 17 28 19 47 45 20 31 47 20 37 44 21 28 16 13 47 45 28 26
17 0 28 36 49 28 35 21 47 29 18 45 39 28 24 45 47 17 36 50
28 28 0 48 6 21 16 46 8 23 32 9 13 25 6 42 30 11 33 8
19 36 48 0 47 10 15 31 33 7 4 20 42 5 21 13 49 3 28 2
47 49 6 47 0 22 29 18 29 24 32 3 16 41 2 13 35 10 14 6
45 28 21 10 22 0 12 30 25 26 8 29 38 39 19 29 21 27 45 47
20 35 16 15 29 12 0 7 45 48 31 26 22 10 30 32 1 40 14 2
31 21 46 31 18 30 7 0 2 45 39 48 40 16 21 43 47 40 26 15
47 47 8 33 29 25 45 2 0 33 41 48 29 9 37 36 41 36 18 5
20 29 23 7 24 26 48 45 33 0 42 23 46 44 49 37 5 6 23 38
37 18 32 4 32 8 31 39 41 42 0 11 21 6 33 32 49 25 29 8
44 45 9 20 3 29 26 48 48 23 11 0 42 2 9 16 28 24 45 21
21 39 13 42 16 38 22 40 29 46 21 42 0 49 22 26 2 43 30 21
28 28 25 5 41 39 10 16 9 44 6 2 49 0 9 23 44 22 3 50
16 24 6 21 2 19 30 21 37 49 33 9 22 9 0 19 36 46 17 35
13 45 42 13 13 29 32 43 36 37 32 16 26 23 19 0 18 14 12 18
47 47 30 49 35 21 1 47 41 5 49 28 2 44 36 18 0 22 22 21
45 17 11 3 10 27 40 40 36 6 25 24 43 22 46 14 22 0 36 34
28 36 33 28 14 45 14 26 18 23 29 45 30 3 17 12 22 36 0 26
26 50 8 2 6 47 2 15 5 38 8 21 21 50 35 18 21 34 26 0
