0 4 25 37 23 27 49 36 14 44 28 43 24 29 15 22 32 28 24 27 31 5 10 12 30 5 5 1 18 26
4 0 39 46 27 17 36 12 3 48 14 48 41 18 2 29 35 5 35 1 44 33 47 14 44 44 29 45 30 50
25 39 0 49 26 20 10 16 30 32 10 1 28 39 41 16 17 12 1 17 10 3 37 47 44 6 11 9 12 43
37 46 49 0 34 21 48 38 32 12 23 37 4 35 23 40 15 21 35 5 30 11 44 37 30 18 40 42 8 33
23 27 26 34 0 7 22 29 47 39 32 38 49 9 15 44 41 23 18 26 22 6 50 8 12 36 12 42 47 44
27 17 20 21 7 0 42 25 15 22 29 5 38 26 36 19 1 16 50 13 46 11 6 44 29 5 35 47 29 44
49 36 10 48 22 42 0 27 25 2 10 12 1 1 43 11 21 9 50 19 37 24 41 17 14 16 45 14 3 28
36 12 16 38 29 25 27 0 16 25 15 4 18 31 3 4 4 48 14 19 1 44 19 17 47 17 9 22 17 14
14 3 30 32 47 15 25 16 0 22 10 34 49 42 38 43 42 36 39 33 6 12 14 50 30 32 47 27 5 5
44 48 32 12 39 22 2 25 22 0 13 13 37 46 20 32 17 31 10 6 25 21 47 32 19 1 27 12 19 20
28 14 10 23 32 29 10 15 10 13 0 9 14 5 5 46 42 16 41 27 8 40 13 8 43 4 27 10 32 36
43 48 1 37 38 5 12 4 34 13 9 0 17 4 20 40 35 2 18 25 8 43 17 17 18 27 24 44 6 40
24 41 28 4 49 38 1 18 49 37 14 17 0 35 27 23 48 27 7 8 33 27 4 25 17 15 35 47 1 43
29 18 39 35 9 26 1 31 42 46 5 4 35 0 6 20 30 13 46 29 25 35 29 49 8 11 45 22 7 17
15 2 41 23 15 36 43 3 38 20 5 20 27 6 0 24 50 21 38 34 38 5 47 48 12 2 17 6 49 11
22 29 16 40 44 19 11 4 43 32 46 40 23 20 24 0 26 25 1 10 28 39 43 31 44 30 43 30 2 50
32 35 17 15 41 1 21 4 42 17 42 35 48 30 50 26 0 49 27 14 16 7 6 35 25 30 24 49 50 40
28 5 12 21 23 16 9 48 36 31 16 2 27 13 21 25 49 0 30 42 32 19 4 5 26 33 34 29 46 4
24 35 1 35 18 50 50 14 39 10 41 18 7 46 38 1 27 30 0 19 14 20 40 49 6 20 41 41 11 31
27 1 17 5 26 13 19 19 33 6 27 25 8 29 34 10 14 42 19 0 39 32 49 4 37 33 11 1 41 15
31 44 10 30 22 46 37 1 6 25 8 8 33 25 38 28 16 32 14 39 0 4 28 34 25 50 29 21 38 33
5 33 3 11 6 11 24 44 12 21 40 43 27 35 5 39 7 19 20 32 4 0 3 7 35 32 49 13 39 40
10 47 37 44 50 6 41 19 14 47 13 17 4 29 47 43 6 4 40 49 28 3 0 35 36 25 25 30 38 10
12 14 47 37 8 44 17 17 50 32 8 17 25 49 48 31 35 5 49 4 34 7 35 0 28 14 21 49 13 24
30 44 44 30 12 29 14 47 30 19 43 18 17 8 12 44 25 26 6 37 25 35 36 28 0 14 15 45 48 46
5 44 6 18 36 5 16 17 32 1 4 27 15 11 2 30 30 33 20 33 50 32 25 14 14 0 44 3 4 1
5 29 11 40 12 35 45 9 47 27 27 24 35 45 17 43 24 34 41 11 29 49 25 21 15 44 0 32 37 32
1 45 9 42 42 47 14 22 27 12 10 44 47 22 6 30 49 29 41 1 21 13 30 49 45 3 32 0 23 45
18 30 12 8 47 29 3 17 5 19 32 6 1 7 49 2 50 46 11 41 38 39 38 13 48 4 37 23 0 1
26 50 43 33 44 44 28 14 5 20 36 40 43 17 11 50 40 4 31 15 33 40 10 24 46 1 32 45 1 0
