0 29 34 37 8 11 36 5 10 39 36 14 40 11 27 12 42 19 12 21 21 12 2 47 23
36 0 23 23 41 11 38 46 19 13 50 42 42 22 24 42 27 32 37 14 4 17 26 15 30
42 14 0 35 31 7 35 11 36 42 33 38 14 22 49 1 35 30 43 38 35 16 15 2 30
32 3 49 0 17 20 3 31 48 14 24 50 27 3 5 12 9 37 36 34 9 40 6 35 20
46 7 5 15 0 4 2 4 19 18 39 42 13 13 25 14 27 8 13 13 39 28 33 1 15
28 47 40 8 3 0 45 4 9 38 13 47 16 48 15 43 13 8 16 45 4 3 42 26 18
4 23 48 27 42 43 0 6 41 34 25 42 43 2 30 14 40 8 18 47 21 9 3 26 42
29 23 6 20 48 10 7 0 29 21 16 27 36 34 7 46 6 24 7 36 18 22 33 44 1
14 8 3 4 12 47 39 6 0 29 12 35 34 47 6 34 42 35 48 48 37 32 46 23 26
13 45 25 41 8 8 26 23 21 0 29 47 32 8 47 18 41 9 45 42 11 6 22 15 5
19 31 22 39 20 27 24 21 31 34 0 16 47 50 10 18 2 25 45 10 23 27 9 2 33
3 7 21 46 2 21 23 38 47 27 7 0 39 15 42 13 32 8 12 39 19 30 5 19 1
18 31 32 15 41 50 35 38 48 24 28 14 0 39 27 1 40 25 22 24 2 22 1 18 50
3 17 5 27 50 9 26 5 49 11 50 3 28 0 19 3 41 42 31 42 49 2 40 47 16
31 2 43 49 20 47 18 31 28 13 50 14 36 22 0 34 8 18 25 4 29 7 18 37 8
39 37 18 14 21 50 42 14 50 44 41 17 25 8 17 0 20 17 34 30 10 15 38 6 19
5 47 30 17 19 47 7 29 22 12 28 40 30 27 33 25 0 2 45 30 50 37 27 23 20
47 49 14 5 43 43 23 44 26 21 16 49 40 9 13 37 46 0 4 29 12 36 36 37 16
10 27 28 44 4 50 49 10 43 23 43 13 31 41 15 22 24 34 0 50 12 37 10 45 3
34 18 35 49 28 20 29 40 15 16 11 35 18 50 5 7 24 2 5 0 21 37 46 12 8
1 30 19 39 11 47 25 29 27 8 6 19 1 22 29 16 43 7 37 24 0 7 50 25 5
38 14 3 40 40 11 10 12 11 13 50 9 26 2 27 43 31 31 35 3 30 0 18 8 9
21 42 42 27 47 33 5 27 20 7 5 47 34 10 26 5 21 16 6 27 31 4 0 31 16
1 10 2 47 45 46 35 15 13 13 48 30 37 4 4 33 19 27 40 31 20 37 22 0 43
24 24 23 44 44 12 42 35 17 47 5 2 2 6 6 8 39 22 41 13 41 2 21 37 0
