0 5 5 36 19 4 6 41 3 20 36 50 29 19 48 45 1 32 35 43 15 39 45 4 37
33 0 46 12 39 9 18 39 16 35 27 47 22 9 3 21 1 41 46 2 41 20 25 37 48
48 25 0 10 16 16 11 38 45 25 26 39 2 38 2 23 3 47 33 41 6 44 44 21 2
20 10 44 0 45 37 25 36 38 2 7 50 1 31 1 22 37 28 18 41 8 23 14 49 39
20 20 38 25 0 26 4 25 3 50 34 31 15 13 40 27 50 6 20 46 48 25 11 45 49
41 21 11 9 44 0 29 28 40 5 1 12 33 36 15 6 16 9 12 47 21 8 12 28 16
30 18 36 47 48 20 0 13 14 34 22 3 13 25 32 2 10 36 33 6 47 1 48 31 39
3 8 34 37 40 3 6 0 12 32 17 10 8 7 7 49 42 1 24 44 7 19 13 45 35
43 2 10 6 11 50 34 40 0 23 10 14 19 36 3 30 8 8 15 24 36 26 38 22 24
11 40 45 27 43 3 44 31 27 0 17 33 15 23 50 37 44 40 24 46 22 30 19 19 26
26 20 7 9 8 21 17 27 21 39 0 12 6 1 34 12 28 41 45 39 39 43 20 50 25
42 16 5 32 47 6 41 36 49 36 17 0 5 9 28 22 11 3 38 35 18 13 13 37 43
11 46 5 32 24 46 10 26 15 23 47 41 0 5 29 14 29 4 47 48 23 6 22 1 24
2 37 37 38 23 34 13 50 27 11 17 3 36 0 43 44 39 47 38 17 18 33 31 39 20
30 46 5 50 31 25 47 22 34 4 46 32 9 9 0 9 42 24 49 48 38 9 12 16 25
31 27 23 20 31 25 4 25 28 33 11 50 19 27 19 0 47 12 14 25 46 7 10 24 39
27 31 33 44 41 16 34 46 8 50 2 1 9 33 19 47 0 31 37 10 39 4 25 6 7
18 24 39 14 43 40 46 46 30 4 1 20 16 11 44 17 23 0 20 1 43 46 11 8 10
2 21 39 40 37 40 30 29 21 5 47 4 10 20 14 3 7 9 0 49 4 17 7 31 22
44 23 45 48 13 46 24 34 39 17 46 17 45 7 1 46 22 31 3 0 32 5 31 30 26
17 20 29 33 28 47 22 11 3 31 8 21 49 28 14 26 15 4 1 29 0 3 35 17 9
5 37 27 2 5 41 1 32 40 37 38 7 37 13 41 44 12 32 7 48 6 0 19 38 31
7 24 25 36 41 18 43 43 29 20 24 26 23 4 14 14 8 1 11 37 11 32 0 13 30
44 36 10 34 14 16 8 2 27 27 40 31 11 31 11 13 50 38 41 47 28 13 48 0 5
31 47 26 5 29 16 6 23 20 31 21 44 20 41 10 25 6 36 26 36 7 21 12 14 0
