0 12 41 37 16 36 38 33 6 9 37 21 18 45 45 11 37 40
32 0 33 16 23 46 27 27 12 4 21 9 26 9 45 31 25 23
4 44 0 4 12 34 22 12 48 25 28 3 10 24 27 5 10 7
3 45 47 0 29 4 47 32 45 26 32 12 28 32 31 14 21 28
35 26 10 16 0 27 47 50 47 17 6 10 39 15 47 24 45 8
25 48 32 13 28 0 4 46 18 28 39 1 47 49 36 45 43 28
2 8 5 23 50 29 0 50 24 14 1 46 29 33 19 38 4 23
2 27 4 13 42 15 3 0 40 27 11 30 38 35 37 35 27 24
4 42 25 22 14 16 6 7 0 15 43 19 9 24 15 46 24 39
24 35 26 17 8 30 35 4 9 0 31 43 20 34 22 12 36 13
11 26 15 7 24 19 41 39 40 21 0 36 27 46 35 29 3 41
31 10 38 50 38 6 34 41 14 22 15 0 30 49 16 29 24 50
11 41 46 27 47 48 17 14 10 22 43 31 0 24 40 37 44 38
1 31 22 8 29 42 34 25 15 28 13 22 22 0 43 21 23 16
9 8 16 8 31 18 24 36 29 50 4 6 33 27 0 23 8 44
42 35 4 19 6 33 43 2 10 19 26 26 41 37 13 0 40 14
48 22 24 23 21 7 49 3 5 9 35 43 17 3 10 48 0 14
30 35 47 25 46 46 26 18 49 19 3 1 19 8 42 10 2 0
