0 8 37 13 23 37 39 29 31 26 50 1 19 29 30 10 21 24 21 18
47 0 44 39 5 7 12 25 30 7 12 33 45 15 30 22 45 17 30 4
23 41 0 23 15 2 13 47 7 38 18 17 22 12 10 31 9 37 8 32
43 18 15 0 12 8 36 40 43 39 11 5 10 28 32 39 49 20 41 28
33 26 37 24 0 45 28 33 49 42 14 6 7 4 48 20 23 30 47 14
30 19 4 25 10 0 40 31 14 11 5 26 49 28 22 8 8 24 15 14
30 15 31 28 26 49 0 39 10 23 22 28 24 42 17 9 45 27 2 17
14 36 3 10 11 40 35 0 4 26 5 22 39 10 18 3 27 4 33 24
12 5 13 2 14 25 26 45 0 20 2 34 10 50 30 41 14 33 27 1
15 49 34 5 46 9 23 4 6 0 34 1 41 5 50 10 12 39 35 43
18 47 37 37 32 11 7 22 4 36 0 42 24 9 50 16 9 13 33 5
14 19 28 45 33 46 30 30 18 47 46 0 36 31 36 11 11 4 13 34
40 14 5 41 36 12 30 2 42 23 30 38 0 15 17 20 9 5 20 12
44 11 35 28 36 21 21 14 5 10 19 46 7 0 9 33 23 12 29 33
42 46 22 45 46 47 12 21 24 26 4 18 19 12 0 31 17 41 14 3
48 26 17 50 26 25 29 36 23 33 18 29 25 26 29 0 49 34 16 35
27 11 3 14 34 6 28 20 20 40 23 13 2 20 48 10 0 9 44 36
16 24 34 18 29 3 45 26 36 18 43 49 49 41 44 28 16 0 29 12
22 36 40 46 25 19 26 33 47 29 18 28 24 18 40 8 14 11 0 49
14 44 5 11 28 20 36 44 40 44 34 38 28 8 44 20 17 24 37 0
