0 4 31 50 43 14 45 37 28 49 41 40 16 43 10 35 3 34 22 45 50 16 32 35 17 19 36 47 39 38
48 0 33 31 14 27 36 41 34 14 15 26 50 4 25 30 49 30 39 7 45 21 38 24 7 26 2 21 9 25
19 1 0 32 23 20 6 36 12 41 24 49 26 23 44 46 7 10 28 49 27 44 3 1 32 23 23 50 20 33
45 42 21 0 42 34 39 23 10 49 8 2 32 28 47 35 7 30 39 2 42 31 31 6 7 44 40 37 29 19
28 18 4 43 0 5 30 23 32 4 38 43 24 27 47 2 36 29 17 29 34 47 49 29 37 19 35 12 28 36
26 24 31 3 47 0 44 5 2 1 36 29 4 17 43 15 6 36 44 49 8 47 43 45 38 5 10 10 26 50
23 2 28 8 46 39 0 32 30 47 11 34 46 48 48 27 4 29 13 23 22 23 32 44 14 45 21 49 45 32
20 45 48 3 10 1 35 0 3 18 38 41 42 41 8 10 25 25 19 23 43 2 36 26 21 34 19 22 9 2
42 7 26 43 4 44 41 1 0 12 5 31 15 37 18 36 8 41 32 45 13 23 8 12 32 12 29 50 50 15
49 37 43 50 49 13 29 5 15 0 48 50 16 50 7 39 42 40 4 3 43 23 4 8 14 23 47 48 12 22
2 24 6 7 50 1 31 49 2 48 0 32 47 18 9 9 11 41 4 49 16 9 7 17 17 30 19 45 2 48
20 36 50 35 16 15 25 38 20 39 26 0 13 14 3 12 24 43 20 31 46 19 23 5 42 39 29 27 14 8
22 12 3 12 18 10 31 40 1 9 23 3 0 27 45 31 43 22 16 26 20 32 2 16 48 42 10 43 26 15
42 7 46 46 7 27 6 8 10 24 45 3 42 0 31 22 26 29 50 11 27 4 7 14 37 20 33 4 43 22
14 2 49 44 31 23 4 42 11 4 8 50 9 38 0 28 41 14 16 19 20 23 15 45 33 40 18 44 11 13
23 23 1 39 2 1 23 7 42 45 24 26 35 18 3 0 13 31 6 44 23 45 38 31 40 26 21 20 32 32
41 45 39 32 11 43 42 43 15 37 38 4 24 25 38 8 0 50 34 22 40 15 25 2 31 21 45 1 5 17
45 46 44 36 31 37 12 11 3 19 29 24 40 22 24 9 18 0 50 43 25 14 7 24 50 15 24 46 24 18
38 29 9 50 23 35 30 6 36 13 29 17 25 40 9 33 49 25 0 43 4 39 19 2 30 46 50 26 30 26
34 49 3 16 17 6 4 12 1 31 32 17 3 11 10 48 18 11 42 0 7 1 8 29 28 3 21 3 37 21
34 10 19 44 28 30 40 35 29 25 17 42 31 18 7 16 25 9 46 42 0 31 38 13 15 48 7 44 46 36
21 38 29 41 23 17 34 47 3 17 42 2 27 47 36 26 37 38 17 12 5 0 5 35 5 39 19 3 24 30
17 10 5 2 11 3 16 29 36 43 27 50 48 42 35 36 13 30 3 26 1 42 0 36 28 7 37 29 12 12
19 26 18 9 28 12 34 31 15 27 37 10 12 21 42 2 40 17 9 5 23 7 47 0 27 20 41 37 16 49
13 3 10 47 36 30 41 35 14 6 9 41 14 30 29 48 41 2 3 13 45 34 26 24 0 16 35 31 24 28
20 39 36 45 16 37 2 19 13 14 31 11 9 1 11 6 34 15 26 11 40 3 13 5 21 0 11 47 15 23
30 46 10 12 15 15 26 3 3 27 14 1 16 11 5 28 47 38 41 27 24 3 4 12 36 40 0 38 39 32
8 21 2 16 24 11 5 18 20 3 10 41 4 46 19 8 38 46 24 10 39 31 6 13 38 18 3 0 8 3
20 45 2 39 45 50 36 26 33 38 12 49 37 11 39 21 17 1 24 6 1 24 1 5 12 34 11 26 0 46
23 50 15 42 30 3 42 29 18 9 5 26 11 20 39 30 36 24 42 25 38 42 24 39 25 1 10 33 32 0
