0 20 20 3 5 1 40 12 42 22 28 14 16 14 18 44 49 11 33 37 2 43 48 20 19
18 0 17 16 44 45 10 8 26 1 32 17 4 17 1 40 38 40 20 40 21 41 38 28 46
16 16 0 39 13 9 47 19 3 27 24 46 42 49 50 17 48 46 20 20 32 11 47 5 25
11 35 12 0 20 16 24 38 39 10 39 45 27 10 34 48 9 24 24 22 29 6 50 48 33
50 33 12 35 0 17 21 1 30 23 42 37 41 31 46 36 42 29 4 45 20 35 37 18 43
11 16 20 44 23 0 42 20 37 19 19 42 43 27 21 40 44 48 22 25 22 45 11 2 45
45 32 24 4 26 25 0 18 35 9 23 20 21 49 26 44 13 8 3 23 33 23 48 15 37
7 10 41 35 26 3 46 0 2 6 43 13 48 49 36 13 35 32 35 18 3 26 32 15 25
50 50 44 14 5 11 20 41 0 48 23 25 29 48 33 19 42 3 49 11 5 35 30 42 26
3 23 31 21 16 7 12 19 45 0 41 5 22 29 14 20 23 20 43 38 42 28 41 15 12
28 40 2 29 34 28 24 19 21 4 0 6 31 22 13 29 12 19 15 49 45 35 19 21 20
16 9 47 17 36 34 4 26 17 37 31 0 25 6 28 49 45 9 47 29 36 13 18 24 35
13 6 1 2 38 38 16 31 37 44 12 38 0 38 24 31 27 35 37 4 19 14 47 24 49
5 33 44 50 24 23 45 16 31 8 38 9 6 0 32 15 39 35 28 21 48 4 9 35 12
32 16 43 16 36 31 34 6 4 20 16 28 28 30 0 42 32 29 3 45 26 48 27 36 32
35 32 49 18 19 40 31 7 50 38 10 33 39 4 3 0 29 24 12 34 35 25 29 36 5
9 17 31 19 39 41 17 45 26 43 35 16 30 44 43 35 0 32 44 47 43 49 33 2 27
35 14 21 30 8 40 7 17 47 10 1 49 26 41 30 1 36 0 28 3 29 4 35 17 30
48 38 12 1 19 30 29 50 10 37 46 39 33 40 37 41 37 41 0 45 3 42 9 7 28
5 39 13 38 7 29 6 13 26 50 40 5 26 31 39 28 28 46 28 0 22 2 21 21 16
21 44 1 6 22 10 49 12 18 43 33 18 32 43 20 14 6 46 20 28 0 37 38 4 31
43 27 29 41 41 21 46 19 47 44 7 37 10 33 14 37 49 16 40 49 48 0 30 44 40
22 10 44 27 44 28 26 13 38 4 49 37 8 47 36 32 10 29 47 13 37 47 0 42 16
12 16 38 16 6 46 48 46 46 32 16 42 7 15 26 40 18 11 15 14 9 18 34 0 8
30 41 7 12 8 49 10 32 42 40 22 48 8 25 29 37 4 7 1 16 44 19 26 40 0
