0 36 15 5 10 43 15 46 48 26 35 48 8 28 49 39 8 4 33 15 14 33 45 31 22
36 0 13 40 13 14 4 4 5 18 42 16 42 39 6 1 34 29 34 28 36 42 24 12 37
15 13 0 16 21 8 9 25 42 49 34 13 22 31 39 25 30 34 49 23 13 39 20 11 27
5 40 16 0 48 26 11 15 45 31 28 44 32 15 41 30 41 15 48 29 34 24 10 12 17
10 13 21 48 0 36 44 45 48 29 44 46 29 31 50 34 16 16 11 40 30 32 47 36 40
43 14 8 26 36 0 45 50 7 47 38 40 27 31 39 36 39 13 44 26 10 1 23 26 32
15 4 9 11 44 45 0 28 49 2 44 17 37 5 4 12 25 33 17 4 34 33 10 48 4
46 4 25 15 45 50 28 0 44 50 8 9 8 44 49 20 13 31 42 24 35 9 1 48 39
48 5 42 45 48 7 49 44 0 8 14 36 27 38 21 11 40 13 35 21 42 22 4 4 13
26 18 49 31 29 47 2 50 8 0 29 10 17 46 29 2 11 11 36 25 48 4 15 17 44
35 42 34 28 44 38 44 8 14 29 0 29 11 45 43 2 23 7 8 28 18 31 15 30 49
48 16 13 44 46 40 17 9 36 10 29 0 44 41 17 18 22 34 27 23 16 44 47 48 4
8 42 22 32 29 27 37 8 27 17 11 44 0 20 5 39 29 11 37 6 43 44 20 31 42
28 39 31 15 31 31 5 44 38 46 45 41 20 0 14 20 13 6 39 16 30 47 19 14 40
49 6 39 41 50 39 4 49 21 29 43 17 5 14 0 44 48 27 8 36 1 16 17 2 37
39 1 25 30 34 36 12 20 11 2 2 18 39 20 44 0 46 33 17 35 26 42 47 39 15
8 34 30 41 16 39 25 13 40 11 23 22 29 13 48 46 0 28 40 26 45 45 8 47 11
4 29 34 15 16 13 33 31 13 11 7 34 11 6 27 33 28 0 29 24 50 39 42 3 40
33 34 49 48 11 44 17 42 35 36 8 27 37 39 8 17 40 29 0 35 5 46 3 16 16
15 28 23 29 40 26 4 24 21 25 28 23 6 16 36 35 26 24 35 0 49 47 35 4 27
14 36 13 34 30 10 34 35 42 48 18 16 43 30 1 26 45 50 5 49 0 42 39 26 35
33 42 39 24 32 1 33 9 22 4 31 44 44 47 16 42 45 39 46 47 42 0 47 9 31
45 24 20 10 47 23 10 1 4 15 15 47 20 19 17 47 8 42 3 35 39 47 0 37 28
31 12 11 12 36 26 48 48 4 17 30 48 31 14 2 39 47 3 16 4 26 9 37 0 2
22 37 27 17 40 32 4 39 13 44 49 4 42 40 37 15 11 40 16 27 35 31 28 2 0
