0 47 47 1 29 30 43 30 26 18 20 12 1 43 16 20 49 26 31 45 35 48 32 41 37 48 7 13 3 43
49 0 46 37 29 36 29 48 17 46 17 8 49 11 50 12 39 31 18 16 12 7 7 45 15 13 22 3 12 8
23 4 0 4 17 39 29 21 12 30 14 4 10 2 6 21 47 36 37 10 3 24 24 12 15 17 2 35 33 3
38 11 7 0 25 25 13 26 29 34 44 34 44 11 46 1 37 39 17 26 16 36 21 12 17 42 9 15 47 33
33 34 22 15 0 25 33 20 23 33 6 7 23 32 37 50 38 10 25 7 15 15 3 30 39 43 24 26 43 28
17 19 38 28 25 0 20 50 49 11 43 25 49 1 33 41 26 46 25 27 14 34 24 10 47 37 10 27 25 44
50 41 11 42 40 15 0 14 38 24 15 50 43 4 25 49 17 16 8 38 48 42 34 21 45 43 41 47 29 3
17 3 40 12 6 48 36 0 5 30 26 27 33 15 36 13 4 3 20 5 37 50 21 30 8 30 49 11 36 44
37 25 39 14 48 49 15 27 0 14 14 15 10 46 5 39 36 4 30 43 27 39 12 23 25 33 15 3 25 28
1 12 26 9 26 31 47 49 29 0 40 34 39 46 39 44 49 2 39 41 21 34 23 33 7 16 48 34 7 32
30 50 14 38 20 38 48 39 35 17 0 29 4 27 16 44 48 27 15 34 43 27 46 36 46 11 38 42 4 35
18 23 8 50 20 10 28 25 50 47 11 0 48 45 24 48 5 41 25 16 46 27 29 8 39 10 1 50 6 11
6 18 15 26 36 26 34 3 47 3 41 4 0 7 38 1 6 27 31 6 15 19 47 33 10 25 40 42 40 41
38 27 34 9 46 17 41 5 40 42 30 35 44 0 24 42 34 20 5 6 10 37 45 36 26 29 14 8 40 1
36 33 43 27 25 2 15 41 29 46 32 14 21 37 0 39 4 15 29 24 35 22 32 14 12 22 42 27 31 11
46 17 47 33 41 1 46 18 45 24 7 36 1 47 32 0 7 1 12 3 49 19 48 12 21 49 36 14 19 17
10 29 20 43 17 43 38 25 22 7 37 2 18 23 9 41 0 3 12 10 46 26 5 27 40 5 22 3 8 25
14 33 14 45 35 2 20 23 8 28 22 45 36 20 6 13 30 0 21 15 46 29 23 21 14 28 47 41 7 2
42 8 6 21 14 23 19 34 15 43 29 48 46 24 40 29 29 8 0 37 33 31 19 10 15 2 50 13 10 2
9 45 21 14 29 39 12 1 9 33 23 13 27 10 12 35 9 28 19 0 32 21 13 32 2 24 32 50 18 3
13 32 33 5 50 8 19 50 13 14 28 35 6 22 42 50 39 43 24 38 0 8 5 22 43 43 15 48 35 2
11 36 19 28 31 9 37 33 23 21 50 30 16 23 47 20 38 19 19 41 13 0 22 24 20 50 40 50 21 27
5 16 27 25 16 46 34 18 4 21 10 22 41 14 10 48 26 33 7 20 40 38 0 20 19 47 34 12 4 28
5 38 45 33 46 47 25 41 40 20 15 35 25 42 40 31 33 36 7 50 46 8 8 0 13 44 22 21 43 38
20 38 35 14 17 29 11 46 2 40 13 20 2 22 35 47 7 42 49 17 25 20 31 44 0 13 18 28 34 48
29 47 20 17 10 10 46 41 31 6 29 14 25 38 48 22 17 8 31 20 8 30 24 48 4 0 30 3 42 14
20 20 32 2 9 45 45 22 21 3 37 13 23 46 38 24 34 31 33 4 22 44 45 49 7 13 0 36 6 35
48 19 14 44 20 47 9 40 20 19 10 46 9 36 43 26 47 5 29 44 13 5 19 24 45 41 13 0 14 36
28 39 17 18 37 31 39 28 32 26 25 38 1 28 20 49 27 9 48 20 39 3 46 18 42 48 35 11 0 33
4 11 44 38 19 23 38 22 3 43 31 44 18 35 43 11 41 30 33 29 40 6 50 12 18 46 43 34 31 0
