0 24 9 19 19 9 43 41 11 50 30 20 7 6 38 11 22 2 8 31
32 0 10 24 2 3 28 25 4 6 5 17 17 1 20 15 41 40 23 22
32 1 0 33 18 12 28 15 7 39 29 48 48 9 14 40 11 4 25 35
26 44 6 0 20 12 43 2 38 45 1 23 43 17 40 11 50 29 30 40
36 41 1 27 0 7 7 21 33 25 30 26 9 13 2 24 6 1 35 17
19 34 19 43 26 0 46 50 26 26 37 16 12 4 5 41 40 29 38 21
17 7 17 7 27 27 0 27 20 34 28 16 4 21 2 15 24 13 44 47
3 20 19 37 19 37 44 0 4 12 44 49 24 38 19 20 1 40 24 21
19 33 34 37 10 27 29 17 0 8 47 12 45 29 14 38 9 21 44 23
39 27 3 4 14 14 1 3 47 0 27 15 16 31 39 26 16 38 22 28
11 48 40 8 5 42 17 42 12 32 0 26 25 36 35 39 11 50 16 4
45 29 41 34 38 3 1 43 6 35 14 0 10 15 9 39 34 49 38 32
4 48 32 20 11 18 47 22 2 33 34 11 0 29 40 14 19 41 10 32
7 11 9 34 1 27 23 2 16 7 7 43 23 0 49 19 28 16 29 13
2 17 49 12 29 32 9 16 10 38 17 35 2 41 0 22 10 23 48 25
25 4 20 11 30 3 6 29 22 7 4 30 49 12 25 0 34 14 50 37
37 24 19 39 34 49 3 29 40 1 36 36 29 5 46 10 0 19 23 27
23 31 21 35 14 1 49 6 18 5 33 49 30 25 35 49 30 0 32 22
42 11 43 40 27 50 2 33 14 27 30 50 37 49 31 3 17 48 0 10
4 10 4 45 18 4 46 11 16 2 14 50 40 6 27 35 48 24 4 0
