0 37 31 24 24 14 2 1 6 23 8 46 2 5 24 32 37 37 16 21 18 46 26 34 37 8 46 17 45 40
37 0 1 40 22 23 20 43 14 40 47 36 50 2 39 44 16 40 11 22 3 8 16 16 6 10 15 26 8 11
31 1 0 14 8 5 47 39 30 6 3 37 28 41 15 16 38 46 35 36 19 12 35 48 44 39 11 24 1 5
24 40 14 0 45 10 7 6 1 20 6 12 18 26 37 13 28 11 31 24 33 33 13 24 16 39 23 1 29 12
24 22 8 45 0 29 1 50 45 5 8 28 25 50 30 33 31 19 47 31 1 18 11 36 13 43 8 33 18 13
14 23 5 10 29 0 29 25 18 21 6 10 29 41 28 49 35 32 28 16 48 15 19 11 27 16 49 10 29 19
2 20 47 7 1 29 0 34 21 28 38 26 30 7 32 10 27 44 18 45 43 38 30 41 1 17 14 41 36 28
1 43 39 6 50 25 34 0 50 33 17 29 5 31 30 19 26 21 28 8 45 50 24 18 3 9 13 22 8 33
6 14 30 1 45 18 21 50 0 37 24 30 26 34 16 27 16 15 18 40 37 40 12 30 11 24 45 17 46 50
23 40 6 20 5 21 28 33 37 0 14 35 34 2 46 35 2 4 4 39 13 19 33 14 23 37 39 5 50 18
8 47 3 6 8 6 38 17 24 14 0 11 32 8 48 4 46 35 46 50 42 11 18 35 20 44 16 36 37 27
46 36 37 12 28 10 26 29 30 35 11 0 7 6 45 18 25 47 50 21 32 38 33 50 32 11 41 25 29 38
2 50 28 18 25 29 30 5 26 34 32 7 0 21 22 40 27 23 23 6 41 9 3 38 9 46 14 30 22 36
5 2 41 26 50 41 7 31 34 2 8 6 21 0 34 26 42 10 16 4 26 42 31 40 5 28 3 6 9 45
24 39 15 37 30 28 32 30 16 46 48 45 22 34 0 36 7 2 15 47 44 46 27 6 10 13 11 1 30 15
32 44 16 13 33 49 10 19 27 35 4 18 40 26 36 0 38 25 36 44 3 25 36 23 19 23 8 8 1 44
37 16 38 28 31 35 27 26 16 2 46 25 27 42 7 38 0 23 8 6 10 31 48 29 33 40 41 16 10 39
37 40 46 11 19 32 44 21 15 4 35 47 23 10 2 25 23 0 11 8 27 45 46 9 8 37 34 18 45 13
16 11 35 31 47 28 18 28 18 4 46 50 23 16 15 36 8 11 0 32 5 11 25 5 21 3 41 43 44 44
21 22 36 24 31 16 45 8 40 39 50 21 6 4 47 44 6 8 32 0 43 46 7 31 2 15 14 22 25 9
18 3 19 33 1 48 43 45 37 13 42 32 41 26 44 3 10 27 5 43 0 9 10 45 12 34 41 48 36 24
46 8 12 33 18 15 38 50 40 19 11 38 9 42 46 25 31 45 11 46 9 0 43 49 37 12 34 28 20 3
26 16 35 13 11 19 30 24 12 33 18 33 3 31 27 36 48 46 25 7 10 43 0 33 24 50 2 49 49 7
34 16 48 24 36 11 41 18 30 14 35 50 38 40 6 23 29 9 5 31 45 49 33 0 16 1 32 2 44 31
37 6 44 16 13 27 1 3 11 23 20 32 9 5 10 19 33 8 21 2 12 37 24 16 0 4 42 35 41 26
8 10 39 39 43 16 17 9 24 37 44 11 46 28 13 23 40 37 3 15 34 12 50 1 4 0 18 27 22 16
46 15 11 23 8 49 14 13 45 39 16 41 14 3 11 8 41 34 41 14 41 34 2 32 42 18 0 32 6 44
17 26 24 1 33 10 41 22 17 5 36 25 30 6 1 8 16 18 43 22 48 28 49 2 35 27 32 0 42 22
45 8 1 29 18 29 36 8 46 50 37 29 22 9 30 1 10 45 44 25 36 20 49 44 41 22 6 42 0 35
40 11 5 12 13 19 28 33 50 18 27 38 36 45 15 44 39 13 44 9 24 3 7 31 26 16 44 22 35 0
