0 27 25 45 50 27 18 29 5 20 5 7 39 16 32 25 29 40 16 7 18 16 40 13 36 14 47 41 1 16
27 0 3 11 40 19 18 27 40 9 1 38 4 20 1 29 33 3 4 21 20 18 24 49 26 46 20 39 39 21
25 3 0 6 22 11 38 23 45 15 22 9 38 50 48 46 7 5 32 10 30 16 48 38 47 50 9 17 3 36
45 11 6 0 39 50 36 27 14 30 1 33 27 13 22 6 43 4 9 29 5 3 8 16 39 2 39 32 37 47
50 40 22 39 0 24 20 38 24 4 47 22 8 50 43 19 6 12 25 27 16 48 32 38 24 15 49 9 23 31
27 19 11 50 24 0 26 22 19 23 18 33 49 35 3 49 10 12 49 27 45 30 9 22 22 6 39 40 21 17
18 18 38 36 20 26 0 41 44 10 10 19 46 47 24 38 43 37 3 32 4 41 45 19 26 39 15 21 20 4
29 27 23 27 38 22 41 0 12 19 44 6 46 7 39 16 26 35 48 50 4 26 35 36 20 40 4 15 9 6
5 40 45 14 24 19 44 12 0 23 24 1 33 14 28 42 24 41 13 8 15 29 6 16 46 15 8 36 28 19
20 9 15 30 4 23 10 19 23 0 16 23 28 44 43 25 39 9 20 44 8 10 36 28 37 18 50 46 10 15
5 1 22 1 47 18 10 44 24 16 0 46 31 36 5 5 10 42 3 41 48 27 21 39 24 8 41 8 6 9
7 38 9 33 22 33 19 6 1 23 46 0 21 13 27 35 43 43 11 12 49 39 20 22 45 24 3 3 23 42
39 4 38 27 8 49 46 46 33 28 31 21 0 25 14 5 17 31 14 20 7 33 27 11 2 36 34 50 20 15
16 20 50 13 50 35 47 7 14 44 36 13 25 0 30 2 5 48 37 50 45 44 26 41 48 7 28 17 2 41
32 1 48 22 43 3 24 39 28 43 5 27 14 30 0 49 1 9 36 21 9 18 27 49 7 32 45 44 49 40
25 29 46 6 19 49 38 16 42 25 5 35 5 2 49 0 44 29 41 42 32 5 32 45 21 23 19 42 37 19
29 33 7 43 6 10 43 26 24 39 10 43 17 5 1 44 0 27 6 50 33 40 33 31 31 47 34 24 3 30
40 3 5 4 12 12 37 35 41 9 42 43 31 48 9 29 27 0 50 25 37 9 7 13 45 7 41 4 35 35
16 4 32 9 25 49 3 48 13 20 3 11 14 37 36 41 6 50 0 27 33 36 44 3 11 7 11 17 25 8
7 21 10 29 27 27 32 50 8 44 41 12 20 50 21 42 50 25 27 0 27 11 26 30 35 9 10 5 1 9
18 20 30 5 16 45 4 4 15 8 48 49 7 45 9 32 33 37 33 27 0 12 30 29 20 44 34 9 45 15
16 18 16 3 48 30 41 26 29 10 27 39 33 44 18 5 40 9 36 11 12 0 36 16 6 35 26 17 47 15
40 24 48 8 32 9 45 35 6 36 21 20 27 26 27 32 33 7 44 26 30 36 0 22 30 29 9 23 39 21
13 49 38 16 38 22 19 36 16 28 39 22 11 41 49 45 31 13 3 30 29 16 22 0 20 26 5 13 29 39
36 26 47 39 24 22 26 20 46 37 24 45 2 48 7 21 31 45 11 35 20 6 30 20 0 12 21 10 48 3
14 46 50 2 15 6 39 40 15 18 8 24 36 7 32 23 47 7 7 9 44 35 29 26 12 0 38 13 26 46
47 20 9 39 49 39 15 4 8 50 41 3 34 28 45 19 34 41 11 10 34 26 9 5 21 38 0 38 50 20
41 39 17 32 9 40 21 15 36 46 8 3 50 17 44 42 24 4 17 5 9 17 23 13 10 13 38 0 45 48
1 39 3 37 23 21 20 9 28 10 6 23 20 2 49 37 3 35 25 1 45 47 39 29 48 26 50 45 0 42
16 21 36 47 31 17 4 6 19 15 9 42 15 41 40 19 30 35 8 9 15 15 21 39 3 46 20 48 42 0
