0 1 32 20 4 22 16 49 22 50 44 40 1 12 43 39 8 4 26 7 14 45 20 34 11 11 24 29 21 4
32 0 35 44 22 19 2 13 34 4 42 14 44 9 17 39 29 26 8 3 34 15 44 40 28 27 16 48 17 5
40 12 0 23 30 23 7 5 4 13 31 2 26 18 22 24 48 31 31 17 24 5 4 7 31 46 20 41 14 37
30 4 34 0 4 48 42 43 24 35 18 10 16 29 27 34 41 38 9 17 12 27 17 43 38 38 36 21 20 40
17 1 28 46 0 22 7 5 18 28 13 25 37 40 31 31 40 37 23 23 20 18 23 6 32 4 46 6 25 13
8 1 21 9 3 0 37 49 26 42 18 22 17 34 8 19 45 29 12 49 32 15 22 38 20 10 34 2 5 45
8 8 29 23 45 47 0 1 47 40 19 49 27 16 18 16 41 39 43 10 5 16 10 36 36 46 8 26 50 27
34 29 18 28 33 13 34 0 14 15 1 13 33 10 3 12 3 10 3 41 37 26 5 46 1 16 10 16 47 44
19 41 4 19 17 24 14 6 0 46 39 8 46 11 43 19 5 47 13 22 14 15 18 31 13 18 25 30 32 7
36 8 17 9 38 8 23 47 31 0 36 29 17 22 28 5 26 18 26 40 47 21 22 16 21 26 6 25 26 22
26 22 12 8 47 21 26 33 21 42 0 50 15 14 25 28 5 37 16 18 31 6 3 24 22 32 33 7 31 39
15 5 41 40 10 6 45 44 50 40 30 0 5 1 38 48 32 29 18 29 37 32 29 29 44 4 6 23 2 25
38 22 41 48 26 11 3 41 23 35 4 26 0 30 17 16 19 4 41 21 46 25 40 2 17 38 37 29 1 36
48 1 36 3 45 42 31 42 34 36 3 47 45 0 6 23 30 3 50 20 40 45 42 13 2 45 10 43 13 32
35 37 45 32 4 50 43 30 23 6 19 13 35 50 0 22 46 48 11 7 17 34 35 38 20 19 40 5 2 27
46 45 30 30 27 32 32 6 45 46 45 12 25 45 46 0 41 26 23 14 17 38 41 30 14 49 4 13 15 14
12 26 11 16 33 43 20 40 25 2 12 1 34 4 27 26 0 43 21 42 23 5 16 12 36 35 35 21 13 41
28 25 11 7 13 12 39 28 3 50 32 8 33 48 40 3 28 0 25 9 47 35 16 49 11 46 36 32 27 18
33 8 35 16 22 44 14 33 9 1 38 34 26 37 10 20 43 43 0 9 36 22 30 46 19 48 36 41 50 44
47 13 23 9 6 48 46 40 49 38 23 30 21 10 37 41 48 15 32 0 32 48 17 7 29 12 25 44 1 7
24 30 36 5 22 3 20 14 42 38 15 33 43 35 36 9 23 19 48 23 0 32 1 36 20 12 9 6 21 11
44 18 27 18 6 18 34 8 48 19 45 28 10 19 46 38 36 40 4 9 33 0 33 34 34 34 8 7 32 25
27 24 46 20 43 38 29 38 37 24 11 1 4 20 33 32 21 14 11 16 23 10 0 3 16 29 49 47 41 10
11 45 14 32 5 13 47 9 14 43 37 35 6 20 10 30 29 7 24 32 36 24 2 0 44 40 28 2 31 40
9 50 6 18 6 14 12 19 1 4 35 48 27 27 13 5 35 10 47 17 42 16 15 23 0 24 14 8 32 22
3 10 12 15 41 13 11 38 14 27 47 17 20 47 44 35 4 22 33 40 42 24 42 49 2 0 23 24 2 17
46 37 5 29 13 46 43 29 7 31 8 39 21 12 13 3 12 20 47 34 16 30 27 39 5 4 0 25 12 1
7 17 39 1 42 34 23 29 33 10 7 14 40 31 25 6 17 33 18 44 46 43 16 41 5 8 45 0 45 18
36 1 11 41 13 44 42 5 48 47 40 39 19 26 19 37 50 25 10 35 22 45 12 35 17 47 5 25 0 3
46 27 50 28 11 36 46 46 7 14 39 9 18 28 11 28 40 41 45 22 39 32 21 45 18 8 23 3 14 0
