0 16 15 32 21 20 7 39 36 10 37 30 10 4 48 2 5 33 37 36 41 17 17 34 29
16 0 16 30 21 27 25 37 37 22 9 32 10 10 17 38 47 36 1 10 43 10 48 50 13
15 16 0 19 11 34 44 14 47 5 14 33 1 26 24 17 36 47 11 49 14 35 41 42 41
32 30 19 0 46 40 21 48 50 34 26 44 47 26 11 49 18 10 7 10 25 18 14 43 32
21 21 11 46 0 8 26 30 50 15 4 28 14 32 33 27 50 22 17 40 9 3 9 28 41
20 27 34 40 8 0 21 7 31 20 29 27 33 18 32 18 10 50 5 3 16 46 18 7 2
7 25 44 21 26 21 0 47 6 9 11 8 15 22 12 28 25 11 17 41 24 31 3 35 1
39 37 14 48 30 7 47 0 12 26 42 39 50 14 34 37 6 37 1 17 26 19 39 16 40
36 37 47 50 50 31 6 12 0 6 39 7 19 15 39 7 13 32 44 48 9 47 16 33 9
10 22 5 34 15 20 9 26 6 0 42 49 12 47 5 45 38 8 23 33 33 41 9 3 15
37 9 14 26 4 29 11 42 39 42 0 19 29 40 18 44 4 11 18 26 11 34 9 49 23
30 32 33 44 28 27 8 39 7 49 19 0 9 24 20 37 4 44 36 4 20 22 21 34 8
10 10 1 47 14 33 15 50 19 12 29 9 0 5 21 27 9 5 48 28 11 22 13 19 5
4 10 26 26 32 18 22 14 15 47 40 24 5 0 42 31 17 12 12 31 1 11 47 12 19
48 17 24 11 33 32 12 34 39 5 18 20 21 42 0 34 41 50 20 23 25 22 42 6 23
2 38 17 49 27 18 28 37 7 45 44 37 27 31 34 0 2 16 31 14 42 3 13 14 22
5 47 36 18 50 10 25 6 13 38 4 4 9 17 41 2 0 41 24 14 28 48 41 46 34
33 36 47 10 22 50 11 37 32 8 11 44 5 12 50 16 41 0 7 22 23 25 45 15 3
37 1 11 7 17 5 17 1 44 23 18 36 48 12 20 31 24 7 0 3 42 48 6 30 6
36 10 49 10 40 3 41 17 48 33 26 4 28 31 23 14 14 22 3 0 30 4 37 43 46
41 43 14 25 9 16 24 26 9 33 11 20 11 1 25 42 28 23 42 30 0 6 42 46 14
17 10 35 18 3 46 31 19 47 41 34 22 22 11 22 3 48 25 48 4 6 0 5 43 10
17 48 41 14 9 18 3 39 16 9 9 21 13 47 42 13 41 45 6 37 42 5 0 28 38
34 50 42 43 28 7 35 16 33 3 49 34 19 12 6 14 46 15 30 43 46 43 28 0 34
29 13 41 32 41 2 1 40 9 15 23 8 5 19 23 22 34 3 6 46 14 10 38 34 0
